3789420
3405616
2288807
2439313
2138095
3484142
2416151
3653321
3790126
3601702
3511355
2164400
3409964
2267720
3723888
3781883
3076784
3604216
3566975
3402201
3644231
3422250
2162210
3726711
2143624
3331094
2192642
3275442
3715412
3367903
3125005
3776079
3572227
3652981
3024027
3693057
3439559
3741147
2494975
3736248
3606308
3092276
3705045
3347500
2451003
3596144
3730322
3468513
3715498
3781594
2263976
2065717
3776278
2159504
3723951
2053789
2152828
3632244
2417419
3767037
3251889
2325395
3397856
2506074
2007341
2085989
3559599
3283571
2471926
3092166
3747314
3604307
2310560
2067367
3791243
3761740
3727174
2363344
3624742
3566695
2452376
2442523
3718322
3177204
3578980
3134255
2250680
3249347
2352102
3621700
3028804
2450263
3672193
3709602
3631821
3577535
2171839
3553704
3740934
2099248
3559839
3736246
3046122
3610029
2434633
3645384
3743739
2242450
3427986
2453707
2053429
3565474
3752099
3046120
3388312
3457840
2480822
3274302
3117435
3624758
2348400
3744790
2087684
2422686
2004486
3441093
2474231
3553994
3743119
3732675
3672561
2438661
2205744
3368864
2279816
2361754
2200840
2053550
3607382
3789098
2140039
3757573
2457662
2390725
3644813
3182830
3557487
3766015
2481532
3776010
3445537
3607784
3633048
2482467
3608326
3682230
2152671
3760884
3589298
3358522
2162116
3710913
2401856
3120894
3789679
3550042
2348314
3297378
2168318
3673168
2180186
3789542
3666783
3547609
2294739
2010115
3736677
3693163
3785686
3723597
3590266
3726510
3605577
2264993
3781023
2005189
3549392
2206378
3454735
2002102
3160737
3334817
3674874
2003122
3709286
3599862
3092515
3638239
3671129
3728857
3541751
3028805
3028810
3515065
3132128
3734189
3288441
3558387
3102665
3712675
2202683
2471323
3719205
3591595
3739316
3669248
3276441
3771064
3467355
3102743
2308242
3412755
3261133
2411165
3151637
3582010
3774728
2350523
3550233
3485260
2004015
2412983
3759716
2357022
3130460
3071766
2446862
2363831
3736659
3165472
3031184
3711779
3773752
3262792
3449591
3741556
3674578
3653699
3467148
3766238
3309093
3795095
3744155
3774557
2494710
3644046
2251346
2286080
2230111
2477465
3712467
2417211
3776300
3532363
3463079
3251513
3621620
3423022
2141527
2488789
2458723
3796292
2006491
3074753
3464008
3566441
2163697
2162082
3781457
3418111
3631788
3788134
3626613
3157483
3661368
3176186
3736234
3781871
2369264
3781359
2141053
2281375
3680936
3265824
3654338
3715376
3776295
3273524
3440771
2103067
3698472
3557486
3602023
3550084
2468910
2029075
3785706
2303450
3445602
3290808
2065803
3730574
3693266
2443806
3604618
2467309
2497245
3429819
3673133
3633047
3463175
3739393
2317255
2482344
2154302
2455687
3726014
3724644
2357622
3785780
2358471
3397494
2250706
3548660
3730321
2065690
3376346
3303213
2434196
3719203
2265196
3644702
3723767
2141614
3299722
2477162
3441171
2484517
3739217
3703314
2506859
2363024
2153311
3384406
3698847
3745900
3520666
3574100
3555653
2152561
3765532
3745899
2189865
3667127
2003757
3645089
2451157
3448068
3675173
3789540
3102742
3365986
3005956
2289315
3678016
3719175
2434326
2068346
3321569
3638237
3606267
3703073
3755311
3670102
2378358
3366807
2141851
3714553
3610527
3127390
3448961
2451370
3776858
3513382
3251713
3655760
3713308
3454731
2349068
3092289
3152323
2499582
2405762
2504034
3409688
3789083
3292263
3020976
3736776
2505657
2085774
2480820
3621805
3334436
3399918
3757398
3249983
3755112
3775207
3606252
2429094
3623524
3130462
2455299
2480808
3620868
3574821
3651169
2090403
3714454
2413989
3775205
3092374
3078262
3781911
3746213
2507716
3694451
2382745
3418109
3626029
3770288
3765646
2434677
3170212
3092217
2368565
2154275
2418849
3623673
2348306
3421513
3730336
2192563
2136795
2235756
3758926
2216523
3407680
2138727
3674618
3582516
3757001
3763276
2391211
2329437
3602685
3750665
3766160
3371669
2455184
2001566
2495187
2462238
2216115
2141525
2359170
3638466
2419880
3251517
3730580
3514799
3699901
2455176
2434096
3766185
3476134
2011500
3132521
2467336
2285263
3663745
3427441
2005604
2468727
2026663
2363505
2365424
3645200
3614397
3117459
2250620
3591407
2038071
3740808
3653916
3169265
2267729
3180149
3780640
2221980
3445538
3277570
3321667
3752780
3394543
2504256
3718828
3753919
2311044
3634847
2243566
2022753
3457438
3338368
3102717
2434188
3715906
3146499
3295790
3758927
3251448
2437841
3337561
2380981
3789118
3757567
3455137
3102786
3145514
3273446
3114056
3741975
3605890
2162687
3082929
3797404
3675019
2367248
3288478
2439877
3614394
3459429
2162882
3782067
2143992
3672190
3276397
3508143
3333737
3766499
2164211
3441089
3486442
3253151
3786451
3619342
3616695
3773915
3335424
2459683
3781301
2494690
3582143
3508112
3781268
3016524
2154330
2465617
2365014
3634781
2447755
3617387
3736806
3520203
3014683
3012398
2163014
2232691
3071769
3760537
3651153
2153958
3461189
3167345
2337558
2162421
2085990
3720440
3767325
3744792
3710160
2162998
3775709
3293832
3699478
3721907
2480883
2382395
3623580
3596143
3588061
3012399
2409836
3013039
2490581
3646734
3170204
3351222
3369614
2138524
3697798
3275203
3735539
3022972
2267494
3721220
3638629
3127385
2349507
3731242
3082923
3553149
3299947
2494697
3398140
2443880
3521439
3556208
3449120
2090075
2414286
2153220
2001620
3733140
3712625
2304330
3167340
2375103
2170903
3674335
3346460
2419624
3600242
3714537
3634185
3515066
2230549
3398821
3028806
3752443
3724112
3337992
2375054
3788037
3427522
3267783
3753640
3279221
2226554
2039572
2199145
3567991
2162783
2417217
2111253
3648317
3114075
3512040
3752729
3766660
2363790
3694987
3739246
2480858
3691095
3102752
3724392
2385252
3742342
2089136
3278078
2399457
2477519
2386847
3519490
3726513
2004450
3127232
3392310
3013075
3601341
3757396
3648203
3275514
3022970
3685272
2467317
3788009
2144900
3266505
3764847
2358744
2175706
3147323
2378160
3626394
2004183
3114027
3444275
3263449
3709711
3144521
3714452
3397577
3170218
3557481
2363305
3255980
3080638
3134259
2006489
2206910
3461188
3399581
2012538
3330050
3788899
2483508
3466027
2417816
3307228
3589302
3387793
3445668
3475236
2089830
2482798
3013070
2153002
2471241
3019083
2163051
3632675
3714488
2416591
3766497
3258077
3562950
2138404
3625861
2446791
3606220
3616694
2422699
2366746
3616698
2196068
3371366
3605900
3596491
3427985
2302169
3150779
3279787
3392365
3141538
3774091
3767936
3351835
3580963
3157337
3180153
3514551
2217430
2430440
3755345
3574783
3771450
3635331
3434375
2329614
3728373
3549036
2163364
2004953
2006239
3717040
3766032
3607667
3143081
3666411
2496005
3758257
2163818
2139211
3341200
3699506
2417871
3458941
3467394
3748546
2194268
2140158
2162510
2192559
2035107
3402613
3618023
3025760
3285299
2154019
2453778
3732123
2001862
3767250
3656788
3753590
3604304
3467177
3776117
3141540
3673637
2100085
2005011
3152317
2364136
2481817
3742136
3645264
3002856
2484976
3765022
3520202
3703080
3754368
3740498
2068548
3591611
3559842
3157020
3508127
3368861
2445974
3338136
2413260
3005806
3263539
3713991
3781339
3673914
2152978
2503861
3335049
3599866
3776549
3092480
3708362
3592225
3794979
3756949
2214869
3696441
3655975
2454094
3568319
2053426
3370021
3019640
3159889
3753621
2006037
2482796
3757411
2086039
3019647
3634904
3395313
3414251
2164202
2199003
2068216
2154269
3756758
3767248
2444004
3370167
3011167
2465633
2500080
3267066
3705044
2220839
2037655
3751816
3012393
3147553
3314045
2141593
2363084
2216258
3409624
2162361
3774613
3653902
3741566
3719183
3673865
3442841
2137120
3766338
3352549
2053319
3367027
3745504
3654378
3013664
2138971
2455148
3153516
2255071
3249141
3713304
3555763
2175729
2331876
3483055
3157022
3679872
2476601
3394072
3608618
3511894
3671119
2228368
2436774
2162695
2382758
2310442
3378987
2482650
2410778
3022974
3350633
3774603
3634615
3715507
3651158
3702914
3574344
3315647
3335613
2398188
3412894
3092419
3256324
3772396
2007335
2007822
2264357
3711785
2363067
3562322
3279740
2009856
3404768
2314212
3713989
2003671
3550057
2085938
2466508
3661493
3520759
2504800
3558389
2366774
3373682
3544935
2138127
2085585
3475238
3182189
3092385
3432688
3703191
3102713
2008566
3076812
3707698
3355849
3638288
3145512
3761480
3303218
3717082
3387458
3736502
3595987
3740928
3553279
3177223
3399920
2163026
3731244
3726015
3440392
3597095
3170231
2363599
2162979
3766294
2012923
2450270
3180152
3035245
3795078
2485652
3175330
3163739
3757288
3467085
2152560
3634711
3076814
2428209
3523945
3434369
3160850
3557636
2417612
3177237
3390107
2489486
3549694
2389694
3410172
2004769
3014110
3183834
3557196
3704141
3082930
3120892
2488453
3699954
2163683
3653190
3263235
3602063
3781250
3767249
3401382
3436380
3698512
3712670
2385186
3402131
3550127
2314082
3678629
3591722
2290772
2465892
2481482
3124996
2207945
3014117
2136849
3359278
2377097
3024715
2496013
2003200
2481394
2365071
2004034
3258074
2173561
3766608
2312070
3321628
2415029
2141432
3102724
2187040
3427794
3752784
2453729
3092253
2438105
3092474
2217628
3685808
2424482
2137126
3014109
3133153
2425755
3387132
3620666
2297418
2152754
2458122
3740497
3760684
2466130
3476771
3788903
3776848
3179352
3648205
3147581
3752013
3163738
2438955
3550082
3720978
3674619
2488490
2374158
3695930
3405085
3407608
3074755
2387505
3260293
2143404
2506491
3653537
3681964
2483432
2265482
2137427
3778659
3703891
3309828
3740915
3117440
3771452
3675097
3384068
3715094
3471663
2454100
2481457
3788118
2441987
3508146
3284923
2067381
2086819
3009026
3765661
2186844
3719473
2337075
2462959
2212546
2418094
2163899
2194006
3010679
3761034
3778075
2152637
3771619
2388945
3365953
2008014
3388081
3620863
2377732
3789446
3127234
2306383
3774614
3102729
2159857
2385605
3388311
3511892
2052760
2164216
2333521
3448532
3764850
3046125
2496817
3689271
3789080
2085182
3596848
3744153
2430804
2277570
3120904
2448721
3373980
3713283
3330049
3005942
3542519
2401954
3789724
3624741
3666976
2140288
2388188
2417634
2052768
3675229
3297371
2307005
2136617
3623947
3683806
3703003
2163249
3764848
2439437
2415713
2482250
3581507
3608936
3797448
3789665
2475534
2152770
2161989
3707694
3754386
3567993
2226514
2506732
2484402
2185851
3451790
3127412
2468005
2341843
3599930
2451297
3736679
3606253
2418135
3553986
3015695
2488515
2014827
2452302
3605940
3419891
3022975
3753092
3117434
3249785
3372217
2162825
3730731
2474163
3752454
3617158
2016960
3585470
3330155
3720769
3010077
3586027
3472299
2390929
3275512
3621018
2013651
2452807
3071767
3551067
3724987
2065679
3381449
3646046
3252349
2302831
2444584
3137865
2003361
3184151
3337597
3699903
2068347
2066391
3390647
3183851
3666473
3608092
3774099
2496901
2482766
2450300
3757294
2483423
3031172
3445074
3471590
2469896
2003362
3256319
2208115
2505178
2162922
3549618
3591721
3582138
2443103
2406213
3767007
3529599
2410627
3428344
2382825
2154590
2333578
2162183
3654982
3074752
2463387
2414990
2025143
2155338
2065909
3005973
2436671
2023187
3401101
3371145
3449054
3581669
2483560
2359369
3013659
2139359
2504680
3755203
3699508
3391853
3761549
3714579
3766075
3633188
3764863
3444273
2136618
2139622
3054375
3760585
3341129
3256328
3457843
3766463
3719861
3758274
2301844
2453563
3170203
2374851
2450293
2162120
3550464
3467187
2162039
3754264
3381347
3552292
3726791
3743605
2162422
2436329
3398652
3670721
2197588
3141522
3729841
3740897
3640745
3102694
2381906
2002101
3024714
3549391
3775711
3786447
2469445
2440212
3102683
3393169
3311964
3329278
3781388
3378131
2244977
2002135
3672960
3769398
2408792
2189040
2170086
3443811
2242708
3066079
2344076
3552661
3605960
2041429
2450894
2163067
3704265
2430544
3014112
2462550
3558386
2420210
2483989
2234145
2457768
3374669
3515377
3757574
3729275
3397572
3740494
3007574
3293926
3358672
3774065
2207398
3422140
3547804
2441641
2422787
3329371
3713941
3401432
3445082
3724106
2363027
2088254
2368203
3764797
3137721
3692751
3555162
3572706
2184266
3144150
2033342
3447934
3330683
2242216
3727338
2374038
3686083
3789225
3753371
3467706
3744785
2423709
3433365
2423321
3710228
2162567
2357439
2252399
2478574
2369057
3789631
3371146
3710245
2162000
3750673
3782012
3441126
2435548
3423762
3562866
2374855
3462015
3386864
2138175
3065183
3313976
2177614
2267221
3775155
3184475
3321493
3427741
3653970
3669359
2253841
3511311
2311066
3686160
2450142
3293925
3120885
3147555
3672906
3153509
2242643
2494658
3170209
3661509
2363734
3605576
2458418
3712420
3440397
3378545
2483422
2260141
2414287
3392084
3752106
3775248
3669253
3448993
3366074
3014114
2357028
2152664
3025766
3766635
3426408
3285304
3529053
3423024
2435159
2503941
2474158
3383904
3368865
3712681
3184479
2395207
2275677
3556126
3114014
2385343
3477574
3776849
2417949
3267070
3558375
2451124
3621641
3765705
3180182
3522155
3768608
3441149
2163348
3309286
3788048
3742336
2461852
2357024
2480936
2002340
2068950
2445305
3703166
3564724
3601472
3152318
2007753
3773930
3426636
2179806
2208023
3560915
2354182
3556968
2199801
3599062
3311865
3757572
2172678
3746452
2416801
3758270
2342866
3102728
3603124
3601471
2399774
2419472
2221455
3046124
2416195
3770330
2496816
2470310
3612842
2144332
3552655
2004179
2251722
2418416
3275510
2276033
2458116
2403775
3145520
3013662
3794976
2357594
2360191
3772382
3562323
3555165
3740926
2196625
3179354
3712626
3720869
3720846
2465824
3464007
2413577
3739011
3290881
2437844
2005693
3768019
2152680
3748270
3776109
2162474
3582137
3690051
3602625
2448003
3654057
3350634
2247360
3724058
3292769
2143651
3160741
3567995
2456938
3365896
3655362
3125003
3762886
2363116
2350751
2494999
3082931
2386454
2468468
3633051
2382406
3781344
3330680
3169271
3673921
3124998
2001981
3324630
3549033
2496860
2027002
3774612
3438960
2356991
3289742
2297274
3773760
3602783
2143649
3651198
3773658
2069230
3445070
2490354
3614639
3753695
3655751
3656789
3747349
2068372
3134277
3640747
3305002
3102719
3557957
2277475
3766033
3766655
2164121
3634388
2004581
3430309
3790058
3614980
2162162
3596845
2326290
2215588
2153201
2101955
3038472
3644047
3378234
3791289
2002201
2387746
3409961
3662959
3729846
3591886
2020425
2429584
2154276
3063058
3553169
3359270
2004660
3275673
2231937
2163243
3013045
3729835
2467460
3152314
3157028
3022036
2163373
3769431
3070541
3412889
3743606
2332446
2410777
3567973
2279744
3766964
2380636
2269690
2454101
3588786
3638380
2085713
3483513
2497117
3159886
3588013
2444193
2415745
3701883
2371660
2330233
2437905
3512281
3065184
3523946
2436724
3739061
2090416
3603170
2387668
2171576
2373135
3672669
3645192
2438908
2487577
3662584
3013066
3441820
3414394
3035252
2152685
2089958
3451789
2101869
3263453
2153814
2144898
2482488
3743613
2405212
2162173
3376262
3564590
2484506
3689353
3381448
3648716
2085640
2085236
3050517
3557843
3550889
3080637
3388315
3765642
2141495
2162416
3131063
2007482
3255979
3780696
2164207
3645993
3789399
2434734
3663955
3553283
3279432
2467351
2471240
3631824
2292220
2216985
3610526
3477577
3261908
2089959
3150771
2442037
3578629
3605764
2143487
3735470
2035396
3384067
3257091
2031669
3681972
2308635
2267131
2163132
3605857
3403506
3794988
3536555
2297300
2137108
2099942
3763951
2267337
3610024
3117420
3752785
3754438
3579078
2177049
2433953
3460260
3184160
2367789
2037638
